0 2 0 138.78239 0 138.78239 
0.050000001 1.9888887 -0.44408184 137.78975 0.98604339 138.7758 
0.1 1.9555925 -0.88808876 134.78629 3.9435081 138.7298 
0.15000001 1.9000188 -1.3356966 129.68413 8.9204264 138.60455 
0.2 1.821923 -1.7892054 122.35255 16.006279 138.35884 
0.25 1.7209949 -2.2487941 112.66418 25.285376 137.94955 
0.30000001 1.5969858 -2.7116892 100.56628 36.766293 137.33257 
0.34999999 1.4498773 -3.1713188 86.178787 50.286312 136.4651 
0.40000001 1.2800893 -3.6166277 69.910294 65.399986 135.31027 
0.44999999 1.088713 -4.0318532 52.564651 81.279198 133.84384 
0.5 0.87773502 -4.3971372 35.388268 96.67408 132.06235 
0.55000001 0.65020233 -4.6903124 19.99579 109.99514 129.99094 
0.60000002 0.41026798 -4.8898954 8.1326313 119.5554 127.68803 
0.64999998 0.16306424 -4.9788284 1.300023 123.94365 125.24368 
0.69999999 -0.085608996 -4.9479532 0.35889682 122.41121 122.77011 
0.75 -0.32973829 -4.7980471 5.2795424 115.10627 120.38582 
0.80000001 -0.56359798 -4.5396171 15.156833 103.04062 118.19745 
0.85000002 -0.78218549 -4.1905556 28.481268 87.803787 116.28505 
0.89999998 -0.98150337 -3.7725375 43.53421 71.160194 114.6944 
0.94999999 -1.1586548 -3.3073671 58.743904 54.693386 113.43729 
1 -1.3117762 -2.8141978 72.898918 39.598545 112.49747 
1.05 -1.4398606 -2.3079967 85.204933 26.634243 111.83917 
1.1 -1.5425347 -1.7991484 95.230728 16.184675 111.41541 
1.15 -1.6198369 -1.2938505 102.80405 8.3702459 111.1743 
1.2 -1.6720277 -0.79492998 107.90373 3.1595685 111.0633 
1.25 -1.6994443 -0.30281347 110.57275 0.45848 111.03123 
1.3 -1.7024059 0.18350394 110.86054 0.16836849 111.02892 
1.35 -1.681165 0.66554284 108.79418 2.2147362 111.00892 
1.4 -1.6359026 1.1444753 104.37591 6.549119 110.92503 
1.45 -1.5667679 1.6202899 97.605225 13.126697 110.73192 
1.5 -1.4739572 2.0909748 88.52459 21.860878 110.38547 
1.55 -1.3578333 2.5517538 77.287018 32.55724 109.84425 
1.6 -1.2190802 2.9944749 64.238083 44.834396 109.07249 
1.65 -1.0588813 3.4073327 49.994923 58.049576 108.0445 
1.7 -0.87909609 3.7751706 35.490936 71.25956 106.7505 
1.75 -0.68240494 4.0805888 21.946291 83.25602 105.20231 
1.8 -0.47237435 4.3059387 10.731935 92.705551 103.43748 
1.85 -0.2534045 4.4359856 3.1296771 98.389847 101.51952 
1.9 -0.030538943 4.4606519 0.045695174 99.487083 99.532776 
1.95 0.19084883 4.3770499 1.7793299 95.792824 97.572159 
2 0.40543711 4.1901069 7.9448524 87.784966 95.72982 
2.05 0.60832816 3.9115651 17.58075 76.501709 94.082458 
2.0999999 0.79533625 3.557719 29.39562 63.286823 92.682442 
2.1500001 0.96314603 3.1466398 42.047886 49.50671 91.554596 
2.2 1.1093367 2.6956666 54.364956 36.333088 90.698044 
2.25 1.2322977 2.2196584 65.457008 24.634418 90.091423 
2.3 1.3310798 1.7301464 74.732124 14.967033 89.699158 
2.3499999 1.4052247 1.2352536 81.848007 7.6292562 89.477264 
2.4000001 1.4546031 0.740143 86.638664 2.7390583 89.377724 
2.45 1.4792854 0.24775784 89.044434 0.30691972 89.351349 
2.5 1.4794511 -0.24031667 89.060608 0.28876051 89.349365 
2.55 1.4553438 -0.72296512 86.71077 2.6133928 89.324165 
2.5999999 1.4072694 -1.1986763 82.045685 7.1841249 89.229805 
2.6500001 1.3356358 -1.6647291 75.166092 13.856616 89.022705 
2.7 1.2410332 -2.1164703 66.265747 22.397232 88.662979 
2.75 1.1243445 -2.5467629 55.686745 32.430008 88.116753 
2.8 0.98687744 -2.9457326 43.97282 43.386703 87.359528 
2.8499999 0.83049917 -3.3009708 31.898285 54.48204 86.380325 
2.9000001 0.65774518 -3.5983443 20.445475 64.74041 85.185883 
2.95 0.47187126 -3.8234553 10.709512 73.094055 83.803566 
3 0.27681959 -3.9636033 3.7309086 78.550751 82.281662 
3.05 0.077081129 -4.0098596 0.29098943 80.394859 80.685852 
3.0999999 -0.12253701 -3.9587138 0.73483044 78.357079 79.091904 
3.1500001 -0.31720492 -3.8127866 4.8891273 72.686707 77.575836 
3.2 -0.50236982 -3.5803733 12.108494 64.09536 76.203857 
3.25 -0.67400658 -3.2739797 21.429918 53.594715 75.024635 
3.3 -0.82877898 -2.9083116 31.773922 42.291382 74.065308 
3.3499999 -0.96409869 -2.4982748 42.124557 31.206886 73.331444 
3.4000001 -1.0780941 -2.0574198 51.645172 21.164879 72.810051 
3.45 -1.1695167 -1.5970266 59.721527 12.752471 72.473999 
3.5 -1.2376181 -1.1258223 65.949287 6.3373799 72.286667 
3.55 -1.2820263 -0.65018713 70.092209 2.1137166 72.205925 
3.5999999 -1.3026398 -0.17468414 72.034485 0.15257275 72.187057 
3.6500001 -1.2995546 0.29723951 71.743065 0.44175664 72.184822 
3.7 -1.2730269 0.76248628 69.247925 2.9069266 72.154854 
3.75 -1.223475 1.2175517 64.642731 7.4121614 72.054893 
3.8 -1.151517 1.6578393 58.103973 13.742155 71.84613 
3.8499999 -1.05804 2.0771158 49.923065 21.572052 71.495117 
3.9000001 -0.94429082 2.4672008 40.540882 30.435398 70.97628 
3.95 -0.81197411 2.8179972 30.569407 39.705544 70.274948 
4 -0.6633383 3.1179719 20.781776 48.608742 69.390518 
4.0500002 -0.50122535 3.3551252 12.054545 56.284325 68.338867 
4.0999999 -0.32906026 3.5183806 5.2580485 61.895012 67.153061 
4.1500001 -0.15076593 3.5991611 1.1116797 64.769806 65.881485 
4.1999998 0.029398544 3.5927918 0.042346396 64.540764 64.583107 
4.25 0.20705716 3.4993494 2.093266 61.22723 63.320496 
4.3000002 0.37795919 3.3237031 6.9168715 55.235008 62.151882 
4.3499999 0.5382024 3.0747383 13.854114 47.270081 61.124191 
4.4000001 0.68440181 2.7640016 22.069857 38.198524 60.268379 
4.4499998 0.81378341 2.4041431 30.698185 28.899519 59.597706 
4.5 0.92420387 2.0075245 38.95792 20.150774 59.108696 
4.5500002 1.014109 1.5852333 46.21909 12.564823 58.783913 
4.5999999 1.0824558 1.146584 52.022209 6.5732741 58.595486 
4.6500001 1.1286206 0.6990667 56.065117 2.4434712 58.508591 
4.6999998 1.1523144 0.24863131 58.175365 0.30908763 58.484455 
4.75 1.1535172 -0.19981417 58.283096 0.19962852 58.482723 
4.8000002 1.1324406 -0.6418004 56.403778 2.0595386 58.463318 
4.8499999 1.0895219 -1.0726769 52.634895 5.7531781 58.388073 
4.9000001 1.0254472 -1.4870524 47.165775 11.056625 58.222401 
4.9499998 0.94120014 -1.8783721 40.295792 17.641409 57.937202 
5 0.83812571 -2.2387118 32.451984 25.059155 57.511135 
5.0500002 0.71799839 -2.5588756 24.193842 32.73922 56.933064 
5.0999999 0.58307517 -2.8288548 16.192205 40.0121 56.204304 
5.1500001 0.43611744 -3.0386565 9.1729403 46.167164 55.340103 
5.1999998 0.28036302 -3.1794083 3.826405 50.543186 54.369591 
5.25 0.11944033 -3.24455 0.69820303 52.635525 53.333729 
5.3000002 -0.042773679 -3.2308373 0.089636125 52.191547 52.281185 
5.3499999 -0.20233561 -3.1389003 1.9992107 49.263474 51.262684 
5.4000001 -0.35543081 -2.9731991 6.1253271 44.199566 50.32489 
5.4499998 -0.49855116 -2.7413917 11.928927 37.576141 49.50507 
5.5 -0.62863022 -2.4532931 18.734293 30.093237 48.82753 
5.5500002 -0.74312156 -2.1196961 25.836708 22.465557 48.302265 
5.5999999 -0.84002018 -1.7513109 32.590115 15.335451 47.925568 
5.6500001 -0.91783786 -1.3580046 38.461185 9.2208824 47.682068 
5.6999998 -0.97554976 -0.94840175 43.050133 4.4973292 47.547462 
5.75 -1.0125293 -0.5298301 46.087715 1.4035996 47.491318 
5.8000002 -1.0284878 -0.10853214 47.420761 0.058896124 47.479656 
5.8499999 -1.0234295 0.30994982 46.99683 0.48034441 47.477173 
5.9000001 -0.99762809 0.72030628 44.854927 2.5942059 47.449135 
5.9499998 -0.95162642 1.1169943 41.124783 6.2383809 47.363163 
6 -0.88625884 1.493847 36.033154 11.157895 47.191048 
6.0500002 -0.80268908 1.8438343 29.912035 16.998625 46.91066 
6.0999999 -0.70245504 2.15904 23.200686 23.30727 46.507954 
6.1500001 -0.58750778 2.4309113 16.432182 29.546648 45.978832 
6.1999998 -0.46023154 2.650794 10.196931 35.133545 45.330475 
6.25 -0.32342979 2.8107111 5.0812082 39.500484 44.581696 
6.3000002 -0.18026921 2.9042656 1.5880449 42.173794 43.761837 
6.3499999 -0.034178741 2.9274871 0.057235554 42.850903 42.908138 
6.4000001 0.11128797 2.879425 0.6062395 41.455444 42.061684 
6.4499998 0.25261006 2.7623353 3.1101885 38.152481 41.262669 
6.5 0.38645488 2.5814102 7.2273965 33.318394 40.545792 
6.5500002 0.50980991 2.3441286 12.461945 27.474697 39.936642 
6.5999999 0.62007564 2.0593879 18.244219 21.205393 39.449612 
6.6500001 0.71511447 1.7366191 24.008217 15.07923 39.087448 
6.6999998 0.79325771 1.3850533 29.250309 9.5918627 38.842171 
6.75 0.85328263 1.0132351 33.563683 5.1332273 38.696911 
6.8000002 0.89437163 0.62881428 36.651123 1.977037 38.628159 
6.8499999 0.91606748 0.23857801 38.323471 0.28459734 38.60807 
6.9000001 0.918235 -0.15133491 38.492104 0.11451127 38.606617 
6.9499998 0.9010362 -0.53511661 37.161804 1.4317491 38.593552 
7 0.86492246 -0.90694386 34.427486 4.1127357 38.540222 
7.0500002 0.81064326 -1.2606739 30.474827 7.9464936 38.421322 
7.0999999 0.73926753 -1.5896497 25.581699 12.634931 38.216629 
7.1500001 0.65221095 -1.8866706 20.115107 17.79763 37.912739 
7.1999998 0.55125964 -2.1441715 14.517186 22.987354 37.504543 
7.25 0.43857911 -2.3546207 9.275115 27.721191 36.996307 
7.3000002 0.3166987 -2.5111055 4.8736653 31.528257 36.40192 
7.3499999 0.1884637 -2.6080191 1.7352647 34.00882 35.744087 
7.4000001 0.056953117 -2.6417184 0.15889625 34.893383 35.052277 
7.4499998 -0.074631728 -2.6110106 0.27279818 34.086884 34.35968 
7.5 -0.20309588 -2.5173502 2.0142112 31.685259 33.699471 
7.5500002 -0.32538107 -2.3646965 5.1421599 27.95895 33.101109 
7.5999999 -0.43868077 -2.1590703 9.2793474 23.30792 32.587269 
7.6500001 -0.540528 -1.9079126 13.971164 18.200653 32.171818 
7.6999998 -0.62884873 -1.6193957 18.746887 13.112212 31.859098 
7.75 -0.70198286 -1.3018081 23.170795 8.4735222 31.644318 
7.8000002 -0.75867784 -0.96311259 26.876867 4.637929 31.514797 
7.8499999 -0.79806584 -0.61070734 29.586897 1.8648171 31.451714 
7.9000001 -0.81963348 -0.25138426 31.116066 0.31597018 31.432037 
7.9499998 -0.82319409 0.10856007 31.371525 0.058926445 31.43045 
8 -0.80886734 0.46311751 30.348801 1.0723891 31.42119 
8.0500002 -0.77707142 0.80632925 28.128929 3.2508342 31.379763 
8.1000004 -0.72852546 1.1320759 24.876623 6.40798 31.284603 
8.1499996 -0.6642617 1.4339536 20.83753 10.281116 31.118645 
8.1999998 -0.5856396 1.7052817 16.330843 14.539928 30.870771 
8.25 -0.49435645 1.9392724 11.733126 18.803888 30.537012 
8.3000002 -0.39244506 2.1293662 7.4502816 22.671 30.121281 
8.3500004 -0.28225082 2.2696981 3.877764 25.75765 29.635414 
8.3999996 -0.16638397 2.3556309 1.353371 27.744984 29.098354 
8.4499998 -0.047645405 2.3842475 0.1112131 28.423182 28.534393 
8.5 0.071068995 2.3547089 0.24738514 27.723272 27.970657 
8.5500002 0.18687664 2.2683861 1.7062469 25.72788 27.434128 
8.6000004 0.29701677 2.1287403 4.2910433 22.657675 26.948717 
8.6499996 0.398947 1.9409758 7.6958871 18.836935 26.532822 
8.6999998 0.49041876 1.7115484 11.550701 14.646991 26.197691 
8.75 0.56952626 1.4476278 15.468659 10.47813 25.946791 
8.8000002 0.63472962 1.1566129 19.087259 6.688767 25.776028 
8.8500004 0.68485701 0.84577155 22.09807 3.5766475 25.674717 
8.8999996 0.71909189 0.52203089 24.264387 1.3625811 25.626968 
8.9499998 0.73695403 0.19191772 25.429138 0.18416205 25.6133 
9 0.73828065 -0.13838293 25.516573 0.095749177 25.612322 
9.0500002 0.72321224 -0.46289647 24.530994 1.0713657 25.60236 
9.1000004 0.69218612 -0.77570492 22.554443 3.0085907 25.563034 
9.1499996 0.64593673 -1.0708218 19.743448 5.7332959 25.476744 
9.1999998 0.58550084 -1.3421398 16.32333 9.0066967 25.330027 
9.25 0.51222271 -1.5834876 12.577587 12.537165 25.114752 
9.3000002 0.4277533 -1.7888099 8.8297958 15.999204 24.828999 
9.3500004 0.3340373 -1.952468 5.4168153 19.060658 24.477472 
9.3999996 0.23328306 -2.0696256 2.654557 21.41675 24.071306 
9.4499998 0.12791207 -2.1366577 0.80062097 22.82653 23.627151 
9.5 0.020489087 -2.1515107 0.020569611 23.144991 23.16556 
9.5500002 -0.086362973 -2.113935 0.36524251 22.343607 22.708849 
9.6000004 -0.19005536 -2.0255411 1.7646097 20.514082 22.27869 
9.6499996 -0.28812388 -1.8896635 4.03969 17.854141 21.893831 
9.6999998 -0.37830824 -1.7110656 6.9295006 14.638727 21.568228 
9.75 -0.45861396 -1.4955426 10.126637 11.183239 21.309875 
9.8000002 -0.52735323 -1.2495031 13.314076 7.8062906 21.120367 
9.8500004 -0.58316612 -0.97959656 16.197113 4.7980471 20.995159 
9.8999996 -0.62502515 -0.69243497 18.527058 2.397331 20.924389 
9.9499998 -0.65222889 -0.39443025 20.116173 0.77787614 20.894051 
10 -0.66439015 -0.091740035 20.845291 0.042081174 20.887373 
10.05 -0.6614238 0.20970143 20.666389 0.21987346 20.886263 
10.1 -0.6435374 0.50410438 19.602135 1.2706063 20.872742 
10.15 -0.61122632 0.78573716 17.743402 3.0869145 20.830317 
10.2 -0.56527221 1.0488719 15.244604 5.5006604 20.745264 
10.25 -0.50674307 1.2877954 12.315675 8.2920847 20.607759 
10.3 -0.43699014 1.4969085 9.2091007 11.203675 20.412777 
10.35 -0.35763818 1.6709175 6.20083 13.959826 20.160656 
10.4 -0.2705633 1.8051059 3.5651915 16.292036 19.857227 
10.45 -0.17785652 1.8956501 1.5459324 17.967447 19.51338 
10.5 -0.08177115 1.9399284 0.32745698 18.816612 19.14407 
10.55 0.01534372 1.9367642 0.011535832 18.75528 18.766815 
10.6 0.11111931 1.8865559 0.60440522 17.795465 18.399872 
10.65 0.20324613 1.7912629 2.0171821 16.043112 18.060295 
10.7 0.28954875 1.6542516 4.0794649 13.682741 17.762207 
10.75 0.36804992 1.4800314 6.5629869 10.952464 17.515451 
10.8 0.43701968 1.2739305 9.2103262 8.1144953 17.324821 
10.85 0.49500808 1.04177 11.763442 5.426424 17.189867 
10.9 0.54086256 0.7895813 13.98804 3.117193 17.105232 
10.95 0.57373285 0.52340043 15.691686 1.3697401 17.061426 
11 0.593068 0.2491477 16.735474 0.31037289 17.045847 
11.05 0.59860915 -0.027415661 17.040224 0.0037580926 17.043982 
11.1 0.59038156 -0.30067471 16.588625 0.4520264 17.040651 
11.15 0.56868863 -0.56512249 15.424426 1.5968173 17.021244 
11.2 0.53410691 -0.81532776 13.649086 3.3237967 16.972883 
11.25 0.48748282 -1.0459377 11.415557 5.4699278 16.885485 
11.3 0.42992717 -1.2517383 8.9183817 7.8342433 16.752625 
11.35 0.36280563 -1.4277831 6.3793311 10.192823 16.572155 
11.4 0.28772053 -1.5695866 4.0284662 12.318011 16.346478 
11.45 0.20648204 -1.6733624 2.0816948 14.000708 16.082401 
11.5 0.12106688 -1.7362727 0.71732551 15.073215 15.79054 
11.55 0.033565298 -1.7566488 0.055199653 15.429075 15.484275 
11.6 -0.05388153 -1.7341377 0.14222333 15.036167 15.178391 
11.65 -0.13914888 -1.6697487 0.94722813 13.940303 14.887531 
11.7 -0.2201954 -1.5657883 2.3662305 12.258464 14.624695 
11.75 -0.29512423 -1.4256945 4.2369299 10.163024 14.399954 
11.8 -0.36223388 -1.2538019 6.3594594 7.8600969 14.219557 
11.85 -0.42005649 -1.0550779 8.5195417 5.5659466 14.085488 
11.9 -0.46738309 -0.83486897 10.510461 3.4850311 13.995492 
11.95 -0.50327694 -0.59869182 12.151334 1.7921596 13.943494 
12 -0.52707827 -0.35208243 13.300518 0.61981016 13.920328 
12.05 -0.53840244 -0.10050869 13.864162 0.050509986 13.914672 
12.1 -0.53713584 0.15066563 13.800581 0.11350066 13.914083 
12.15 -0.52343023 0.39618483 13.121253 0.78481203 13.906065 
12.2 -0.49769765 0.63089669 11.888965 1.9901531 13.879117 
12.25 -0.46060494 0.84976357 10.213191 3.6104908 13.823682 
12.3 -0.4130671 1.0479088 8.2423944 5.4905643 13.732959 
12.35 -0.35623708 1.2207104 6.1528544 7.4506693 13.603524 
12.4 -0.29148972 1.3639438 4.1339512 9.301713 13.435664 
12.45 -0.22039734 1.4739636 2.3705552 10.862844 13.233399 
12.5 -0.14469595 1.5479022 1.0241205 11.980006 13.004127 
12.55 -0.066241607 1.5838549 0.21493098 12.542981 12.757913 
12.6 0.013041617 1.5810214 0.0083339866 12.498144 12.506477 
12.65 0.091218866 1.5397762 0.40744054 11.854553 12.261993 
12.7 0.16640322 1.4616531 1.3536836 10.682148 12.035832 
12.75 0.23681156 1.3492473 2.7350883 9.1023417 11.83743 
12.8 0.30081373 1.20605 4.4006219 7.2727838 11.673406 
12.85 0.35697228 1.0362438 6.1780066 5.3690057 11.547012 
12.9 0.40407172 0.8444894 7.8921599 3.5658114 11.457972 
12.95 0.44113746 0.63573259 9.3818741 2.0207796 11.402654 
13 0.46744597 0.41504845 10.513238 0.8613261 11.374563 
13.05 0.48252833 0.18753181 11.189193 0.1758409 11.365034 
13.1 0.4861694 -0.041769311 11.355342 0.0087233763 11.364065 
13.15 0.47840449 -0.26788887 11.002405 0.35882226 11.361227 
13.2 0.45951477 -0.48596346 10.165754 1.1808023 11.346557 
13.25 0.43002146 -0.6912564 8.9222326 2.3891768 11.31141 
13.3 0.39067864 -0.87920213 7.3842182 3.8649819 11.2492 
13.35 0.3424629 -1.0454822 5.6908145 5.4651642 11.155978 
13.4 0.28655827 -1.186136 3.9962077 7.0345931 11.030801 
13.45 0.22433497 -1.2977033 2.4556582 8.4201698 10.875828 
13.5 0.15732048 -1.3773816 1.2102379 9.4858999 10.696137 
13.55 0.087162696 -1.4231796 0.37203383 10.127201 10.499235 
13.6 0.015586057 -1.4340434 0.011903092 10.282402 10.294305 
13.65 -0.055657387 -1.4099307 0.15175031 9.9395227 10.091273 
13.7 -0.12483917 -1.3518234 0.76266485 9.1371336 9.8997984 
13.75 -0.1903045 -1.2616714 1.7692251 7.9590745 9.7282991 
13.8 -0.25051796 -1.1422783 3.0591538 6.5239983 9.5831518 
13.85 -0.30410251 -0.99714577 4.4966245 4.9714985 9.4681234 
13.9 -0.34987003 -0.83030069 5.9371076 3.4469962 9.3841038 
13.95 -0.38684329 -0.64612544 7.2417498 2.0873904 9.3291407 
14 -0.41426995 -0.44921055 8.2897787 1.0089506 9.2987289 
14.05 -0.4316299 -0.24423879 8.9880619 0.29826292 9.2863245 
14.1 -0.4386377 -0.035902333 9.2775536 0.0064448877 9.2839985 
14.15 -0.43524152 0.17115301 9.136713 0.14646676 9.2831793 
14.2 -0.42161989 0.37236735 8.5821323 0.69328725 9.2754192 
14.25 -0.39817634 0.56330365 7.6665759 1.5865549 9.2531309 
14.3 -0.36553228 0.73969465 6.4745045 2.7357407 9.2102451 
14.35 -0.32451695 0.89751023 5.1151237 4.0276227 9.1427469 
14.4 -0.27615318 1.0330489 3.7130816 5.3359494 9.0490313 
14.45 -0.22163844 1.1430519 2.3972189 6.5328369 8.9300556 
14.5 -0.16231935 1.2248307 1.2881987 7.5010514 8.7892504 
14.55 -0.099660017 1.2763941 0.48627117 8.1459093 8.6321802 
14.6 -0.035204448 1.2965549 0.060722027 8.4052734 8.4659958 
14.65 0.029465761 1.2850031 0.042540245 8.2561636 8.2987041 
14.7 0.092776 1.2423285 0.42145947 7.7169003 8.13836 
14.75 0.15320319 1.1699927 1.1478418 6.8444147 7.9922566 
14.8 0.20931752 1.0702494 2.1390502 5.7271686 7.866219 
14.85 0.25981933 0.94602746 3.289232 4.4748397 7.7640719 
14.9 0.30356941 0.80079204 4.4809933 3.2063394 7.6873326 
14.95 0.33961213 0.63840061 5.597373 2.0377767 7.6351495 
15 0.36719179 0.4629699 6.5327625 1.0717056 7.6044679 
15.05 0.3857626 0.27876249 7.2018476 0.38854262 7.5903902 
15.1 0.39499366 0.090097882 7.5460973 0.040588144 7.5866857 
15.15 0.39476994 -0.098714896 7.537663 0.048723154 7.5863862 
15.2 0.38519058 -0.28342965 7.180769 0.40166184 7.5824308 
15.25 0.36656442 -0.45990974 6.5107083 1.0575849 7.5682931 
15.3 0.33940342 -0.62417895 5.5905619 1.947997 7.538559 
15.35 0.30441302 -0.77248448 4.5057406 2.9836612 7.4894018 
15.4 0.2624791 -0.90137601 3.3565314 4.0623937 7.4189248 
15.45 0.21465056 -1.0078011 2.2490129 5.0783148 7.3273277 
15.5 0.16211675 -1.0892097 1.2849922 5.9318881 7.2168803 
15.55 0.10617983 -1.1436594 0.55191481 6.539783 7.0916977 
15.6 0.048221868 -1.1699065 0.11392 6.8434067 6.9573269 
15.65 -0.010331757 -1.167472 0.0052304692 6.8149543 6.8201847 
15.7 -0.068051495 -1.1366689 0.22683172 6.4600811 6.686913 
15.75 -0.12354307 -1.0785898 0.74693084 5.8167801 6.5637112 
15.8 -0.17548527 -0.99505186 1.5050905 4.9506412 6.4557319 
15.85 -0.22266406 -0.88850868 2.4193642 3.9472384 6.3666024 
15.9 -0.26400173 -0.76193923 3.3953593 2.9027572 6.2981162 
15.95 -0.29858011 -0.61872792 4.3359971 1.9141213 6.2501187 
16 -0.32565799 -0.46254689 5.1508389 1.069748 6.2205868 
16.049999 -0.34468263 -0.29725066 5.764092 0.44178981 6.2058816 
16.1 -0.35529679 -0.12678725 6.1207585 0.080375023 6.2011333 
16.15 -0.35734138 0.044874519 6.1906519 0.010068612 6.2007203 
16.200001 -0.35085496 0.21380454 5.9702377 0.22856191 6.1987996 
16.25 -0.33607057 0.37616488 5.482336 0.7075001 6.189836 
16.299999 -0.31340978 0.52826363 4.7737899 1.3953124 6.1691022 
16.35 -0.2834737 0.66661572 3.9112132 2.2218826 6.1330957 
16.4 -0.24703126 0.7880137 2.9750223 3.1048281 6.0798502 
16.450001 -0.20500299 0.88960958 2.052083 3.957026 6.009109 
16.5 -0.15844107 0.96900278 1.2275039 4.6948318 5.9223361 
16.549999 -0.10850466 1.0243281 0.57632399 5.2462406 5.8225646 
16.6 -0.056431148 1.0543332 0.15599784 5.5580926 5.7140903 
16.65 -0.0035039613 1.0584363 0.00060160889 5.6014366 5.6020384 
16.700001 0.048981816 1.0367551 0.11753819 5.3743052 5.4918432 
16.75 0.099754468 0.99010277 0.48719251 4.9015174 5.3887095 
16.799999 0.14759959 0.91995019 1.0655597 4.2315416 5.2971015 
16.85 0.19139144 0.82835871 1.7894311 3.4308906 5.2203217 
16.9 0.23012026 0.71789163 2.5833807 2.5768418 5.1602225 
16.950001 0.26291493 0.59151441 3.3676229 1.7494466 5.1170692 
17 0.28906056 0.4524928 4.0658159 1.0237488 5.0895643 
17.049999 0.30801105 0.30429697 4.6120334 0.46298325 5.075017 
17.1 0.31939703 0.15051644 4.956358 0.11327599 5.069634 
17.15 0.32303014 -0.0052130809 5.068768 0.00013588106 5.0689039 
17.200001 0.3189036 -0.15927272 4.941186 0.126839 5.0680246 
17.25 0.30718994 -0.30811736 4.5876698 0.47468159 5.0623517 
17.299999 0.28823596 -0.44833139 4.0428119 1.0050052 5.0478172 
17.35 0.26255476 -0.57668757 3.3584559 1.6628426 5.0212984 
17.4 0.23081483 -0.69021213 2.5989299 2.381964 4.9808936 
17.450001 0.19382544 -0.78625661 1.8350908 3.0909972 4.9260879 
17.5 0.15251862 -0.86257321 1.1376265 3.7201626 4.857789 
17.549999 0.10792718 -0.91738939 0.57021171 4.2080164 4.7782283 
17.6 0.06115932 -0.94947398 0.18322553 4.5075045 4.6907301 
17.65 0.013370124 -0.95818758 0.0087591195 4.5906177 4.5993767 
17.700001 -0.034268759 -0.94351029 0.057537414 4.4510584 4.5085955 
17.75 -0.080600262 -0.90604275 0.31815138 4.1045675 4.422719 
17.799999 -0.12451236 -0.84698004 0.75868213 3.5868759 4.3455582 
17.85 -0.16496663 -0.76805985 1.330464 2.9495797 4.2800436 
17.9 -0.20102362 -0.67149174 1.9734552 2.2545059 4.2279611 
17.950001 -0.23186448 -0.55987418 2.6225152 1.5672954 4.1898108 
18 -0.25680816 -0.43610674 3.21385 0.95094538 4.1647954 
18.049999 -0.27532431 -0.30330461 3.6909661 0.45996842 4.1509342 
18.1 -0.28704208 -0.16471922 4.0096202 0.13566211 4.1452823 
18.15 -0.29175505 -0.023667198 4.141427 0.0028006812 4.144228 
18.200001 -0.28942302 0.11653312 4.0759463 0.067899846 4.1438465 
18.25 -0.28017041 0.25261971 3.8211837 0.31908363 4.1402674 
18.299999 -0.26428229 0.38144293 3.4025378 0.72749358 4.1300316 
18.35 -0.24219714 0.50002271 2.8602903 1.2501134 4.110404 
18.4 -0.21449699 0.60560882 2.2458084 1.8338103 4.0796185 
18.450001 -0.18189424 0.69574535 1.6167253 2.4203079 4.0370331 
18.5 -0.14521545 0.76833606 1.0314742 2.9517014 3.9831758 
18.549999 -0.10538158 0.82170886 0.54365522 3.3760271 3.9196823 
18.6 -0.06338542 0.85467231 0.19680196 3.652324 3.8491259 
18.65 -0.02026635 0.8665598 0.020124836 3.7546294 3.7747543 
18.700001 0.022916606 0.85725492 0.025732243 3.6744301 3.7001622 
18.75 0.065112509 0.82719594 0.2076689 3.4212656 3.6289344 
18.799999 0.10530584 0.77735686 0.54287469 3.0214183 3.5642929 
18.85 0.14254239 0.70920765 0.99391377 2.5148776 3.5087912 
18.9 0.1759527 0.62465715 1.5130985 1.9509829 3.4640813 
18.950001 0.20477226 0.52598375 2.0474827 1.3832945 3.4307773 
19 0.22835819 0.41576022 2.5441411 0.86428285 3.4084239 
19.049999 0.24620204 0.29677805 2.9551837 0.44038603 3.3955698 
19.1 0.2579388 0.17197451 3.2420537 0.14787616 3.38993 
19.15 0.26335263 0.044365495 3.3787804 0.0098414868 3.3886218 
19.200001 0.26237914 -0.083016425 3.3539901 0.034458634 3.3884487 
19.25 0.25510475 -0.20717943 3.1715868 0.21461657 3.3862033 
19.299999 0.24176329 -0.32522765 2.8501019 0.5288651 3.378967 
19.35 0.22272991 -0.43441626 2.4207892 0.94358748 3.3643768 
19.4 0.19851196 -0.53220791 1.9246103 1.4162263 3.3408365 
19.450001 0.16973735 -0.6163305 1.4083416 1.8993165 3.3076582 
19.5 0.13713971 -0.68483579 0.92011428 2.3450003 3.2651145 
19.549999 0.10154079 -0.73615474 0.50478214 2.709619 3.2144012 
19.6 0.063830309 -0.76914698 0.19957332 2.9579353 3.1575086 
19.65 0.024943423 -0.78313911 0.030484963 3.0665343 3.0970192 
19.700001 -0.014163213 -0.77794808 0.0098290686 3.0260162 3.0358453 
19.75 -0.052536227 -0.75388712 0.13521159 2.8417289 2.9769406 
19.799999 -0.089250058 -0.71175206 0.39005408 2.5329552 2.9230092 
19.85 -0.12343041 -0.65279049 0.74557096 2.130677 2.8762479 
19.9 -0.15427569 -0.57865489 1.1639371 1.6742073 2.8381445 
19.950001 -0.18107589 -0.49134517 1.6022503 1.2071004 2.8093507 
20 -0.20322832 -0.39314398 2.01683 0.77281094 2.7896409 
